--------------------------------------
Time: 5.50002
Split Ratios: 0.333333 0.333333 0.333333 1 
Delays: 0.020286 0.0572409 
Throughputs: 87.0482 72.0077 
Utility: 8.36429 7.13726 

--------------------------------------
Time: 6.00004
Split Ratios: 0.333333 0.333333 0.333333 1 
Delays: 0.0476149 0.154288 
Throughputs: 87.1793 72.4337 
Utility: 7.51258 6.1516 

