--------------------------------------
Time: 5.50002
Split Ratios: 0.333333 0.333333 0.333333 1 
Delays: 0.0134854 0.0318398 
Throughputs: 87.7036 68.9111 
Utility: 8.78011 7.67986 

--------------------------------------
Time: 6.00006
Split Ratios: 0.333333 0.333333 0.333333 1 
Delays: 0.0306844 0.0904619 
Throughputs: 89.2764 70.3201 
Utility: 7.97574 6.65588 

--------------------------------------
Time: 6.5002
Split Ratios: 0.333333 0.333333 0.333333 1 
Delays: 0.0506914 0.148503 
Throughputs: 91.2753 68.4687 
Utility: 7.49588 6.13353 

--------------------------------------
Time: 7.0002
Split Ratios: 0.333333 0.333333 0.333333 1 
Delays: 0.0581301 0.171626 
Throughputs: 91.39 68.2557 
Utility: 7.36021 5.9857 

