--------------------------------------
Time: 5.5
Split Ratios: 0.333333 0.333333 0.333333 0.333333 0.333333 0.333333 0.333333 0.333333 0.333333 0.333333 0.333333 0.333333 0.333333 0.333333 0.333333 0.333333 0.333333 0.333333 0.333333 0.333333 0.333333 0.333333 0.333333 0.333333 0.333333 0.333333 0.333333 0.333333 0.333333 0.333333 0.333333 0.333333 0.333333 0.333333 0.333333 0.333333 0.333333 0.333333 0.333333 0.333333 0.333333 0.333333 0.333333 0.333333 0.333333 0.333333 0.333333 0.333333 0.333333 0.333333 0.333333 0.333333 0.333333 0.333333 0.333333 0.333333 0.333333 0.333333 0.333333 0.333333 0.333333 0.333333 0.333333 0.333333 0.333333 0.333333 0.333333 0.333333 0.333333 0.333333 0.333333 0.333333 0.333333 0.333333 0.333333 0.333333 0.333333 0.333333 0.333333 0.333333 0.333333 0.333333 0.333333 0.333333 0.333333 0.333333 0.333333 0.333333 0.333333 0.333333 
Delays: 0.0184156 0.0224409 0.0171242 0.0146448 0.0148185 0.0224088 0.0168952 0.0169501 0.0139971 0.0107201 0.01503 0.0145733 0.0130205 0.0153706 0.0114396 0.0135635 0.0143676 0.0188568 0.017328 0.0165165 0.0201105 0.0136494 0.0123539 0.0126336 0.0166208 0.017302 0.0177148 0.0196616 0.0206496 0.00876425 
Throughputs: 1.08134 1.21242 1.17965 1.14688 1.11411 1.1305 1.17965 1.1305 1.21242 1.2288 1.1305 1.09773 1.08134 1.01581 1.01581 1.16326 1.1305 1.01581 0.999424 0.999424 1.08134 1.06496 1.37626 0.8192 1.19603 1.1305 1.19603 1.03219 1.27795 0.98304 
