--------------------------------------
Time: 5.50006
Split Ratios: 0.5 0.5 0.5 0.5 1 1 1 0.5 0.5 0.333333 0.333333 0.333333 0.333333 0.333333 0.333333 1 0.5 0.5 0.5 0.5 0.5 0.5 0.333333 0.333333 0.333333 0.5 0.5 0.333333 0.333333 0.333333 1 0.5 0.5 0.5 0.5 0.5 0.5 1 
Delays: 0.0121611 0.0129285 0.00629233 0.00595436 0.00984742 0.0132584 0.0101446 0.0112809 0.00796468 0.00876675 0.0108216 0.0110793 0.0108602 0.0116668 0.0120946 0.0099548 0.0116025 0.0120241 0.0120035 0.00982195 
Throughputs: 2.99827 2.01523 2.42483 3.1785 1.76947 2.32653 2.68698 2.49037 1.67117 2.3593 2.47398 3.32595 3.40787 3.6864 3.24403 2.21184 2.26099 2.85082 1.55648 1.72032 
Utility: 5.50755 5.04906 5.95419 6.28004 5.19123 5.1675 5.57923 5.39708 5.34626 5.59515 5.43204 5.70443 5.74874 5.75566 5.59182 5.40353 5.27234 5.46844 4.86498 5.16565 

--------------------------------------
Time: 6.00065
Split Ratios: 0.068 0.932 0.63 0.37 1 1 1 0.036 0.964 0.636 0.254 0.111 0.057 0.039 0.904 1 0.46 0.54 0.632 0.368 0.608 0.392 0.694 0.258 0.048 0.351 0.649 0.305 0.356 0.339 1 0.438 0.562 0.782 0.218 0.652 0.348 1 
Delays: 0.00850289 0.0128689 0.00578231 0.00613102 0.0078667 0.0117886 0.00911311 0.0098604 0.00772157 0.00909668 0.0106387 0.0100887 0.00807928 0.00938043 0.0124945 0.00980305 0.010836 0.0115612 0.0100404 0.00979101 
Throughputs: 2.88358 2.65421 2.44122 3.50618 1.76947 2.048 2.98189 2.24461 1.57286 2.63782 3.11296 3.32595 3.24403 3.91578 3.30957 2.22822 2.1463 2.8672 1.62202 1.57286 
